converged: true
error: null
targets:
  Ip: -1.0e+99
  Ip_ratio: -1.0e+99
  F0: 5.0
mesh:
  np: 857
  nc: 1626
stats:
  Ip: 248356.47550389986
  Ip_centroid:
  - 1.7079050095534876
  - 3.973419200504784e-06
  kappa: 1.6996982746748095
  kappaU: 1.6996588916840565
  kappaL: 1.6997376576655625
  delta: 0.2964408223566388
  deltaU: 0.29772902580062904
  deltaL: 0.29515261891264816
  R_geo: 1.7000028009990893
  a_geo: 0.4999971587322999
  vol: 13.767280715978545
  q_0: 8.656411597960668
  q_95: 20.07544984954233
  P_ax: 5202.955902771601
  P_max: 5202.955902771601
  W_MHD: 37008.04243985809
  beta_pol: 86.3875993803894
  dflux: 0.0001704216131495088
  tflux: 4.056060730845804
  l_i: 0.7787230804837573
  beta_tor: 0.05206619151454713
  beta_n: 0.3082962394541592
checks:
  solve_ok: true
  psi_hat_finite: true
  psi_hat_min: 0.0002243217353404825
  psi_hat_max: 1.0
  targets:
    enabled: false
  pass: true
